#doc name topic proportion ...
0	file:/Users/dingyi/mallet-2.0.7/speeches_stem/17890430_GW_Inaug1.txt	11	0.2876247900826167	10	0.15049283116313217	7	0.13994421893855644	6	0.11462754959957468	0	0.09845301085522522	1	0.06821365581144144	3	0.059774766031780856	4	0.03375485587782738	9	0.02390948446822336	8	0.016173835503534486	5	0.007734945723873901	
1	file:/Users/dingyi/mallet-2.0.7/speeches_stem/17900108_GW_sotu101.txt	11	0.20055840919304577	3	0.15041857476592124	0	0.14763302840885878	10	0.1448474820517963	6	0.12720568845706728	7	0.12163459574294234	1	0.06592366860169287	5	0.02135492688869328	8	0.012998287817505859	9	0.007427195103380911	2	9.27586936901804E-4	
2	file:/Users/dingyi/mallet-2.0.7/speeches_stem/17921106_GW_sotu104.txt	3	0.18527489090408608	7	0.18334995197277368	0	0.15784451113288434	10	0.15399463327025953	11	0.11645832410966762	6	0.08614053594149726	8	0.05101040044504588	1	0.02935483746778134	5	0.015399030215766406	9	0.013955326017282102	4	0.005293100826376284	2	0.0019244576965795762	
3	file:/Users/dingyi/mallet-2.0.7/speeches_stem/17930304_GW_Inaug2.txt	11	0.3740120987413406	6	0.14634761114905517	0	0.10569323836471851	9	0.09756236380785117	7	0.09756236380785117	4	0.08943148925098383	10	0.04877711646664716	5	0.024384492796045144	2	0.016253618239177807	8	0.00812274368231047	
4	file:/Users/dingyi/mallet-2.0.7/speeches_stem/17931203_GW_sotu201.txt	10	0.17888321199310298	0	0.16145614427151783	11	0.13634066431982156	6	0.12711456964368822	7	0.12506432638232526	3	0.10968750192210305	1	0.05228069060394015	8	0.05176812978859941	4	0.02819033228292537	9	0.013838629453384644	5	0.012813507822703163	2	0.00256229151588836	
5	file:/Users/dingyi/mallet-2.0.7/speeches_stem/17961207_GW_sotu204.txt	10	0.20167823143613328	0	0.1450544357403806	7	0.1447049061373204	6	0.11464536027414307	3	0.11010147543436045	11	0.10276135377009622	8	0.07409992631915968	1	0.0569729757692098	4	0.03320496276111609	5	0.008388360943841778	9	0.005242594516299964	2	0.0031454168979387544	
6	file:/Users/dingyi/mallet-2.0.7/speeches_stem/18090304_JM_Inaug1.txt	11	0.21030173701360014	10	0.19570931202724834	6	0.1356228562010939	3	0.0935623371227858	0	0.08326180183830219	7	0.07467802243456584	4	0.060085597448214054	1	0.05064344010410408	9	0.04291803864074136	5	0.025750479833268666	8	0.022316968071774128	2	0.005149409264301435	
7	file:/Users/dingyi/mallet-2.0.7/speeches_stem/18091129_JM_sotu101.txt	10	0.2337743703478791	0	0.15841633718154355	7	0.1523656921827867	3	0.10671082537398487	6	0.09515959401272175	11	0.07865783492520302	8	0.07865783492520302	1	0.04565431675016556	9	0.019801560846386224	5	0.017601326301383727	4	0.013200857211378732	
8	file:/Users/dingyi/mallet-2.0.7/speeches_stem/18121104_JM_sotu104.txt	10	0.3248849763894024	7	0.13601256017023866	0	0.12241127324119905	6	0.0989181412728579	3	0.07727973024938578	11	0.06986084646990963	8	0.060278121588086264	1	0.04080355166696136	9	0.03183906710009434	4	0.021019861588358286	5	0.01700129954114204	
9	file:/Users/dingyi/mallet-2.0.7/speeches_stem/18130304_JM_Inaug2.txt	10	0.2927460491681318	6	0.14428751580499555	11	0.12093448808495164	7	0.08590494650488578	9	0.07422843264486383	0	0.07005824912342741	1	0.06505402889770372	4	0.05838173526340547	3	0.038364854360510695	8	0.030858524021925158	5	0.019182010161903202	
10	file:/Users/dingyi/mallet-2.0.7/speeches_stem/18131207_JM_sotu201.txt	10	0.34299017438585294	0	0.11956870102447222	7	0.11371351758465673	6	0.08936828117700282	3	0.08289676263825939	11	0.0674883851650607	8	0.06070869907685329	9	0.04807382954883038	1	0.040677808361695024	4	0.020646917646536752	5	0.009861053415297683	2	0.00400586997548219	
11	file:/Users/dingyi/mallet-2.0.7/speeches_stem/18161203_JM_sotu204.txt	10	0.19528257491516843	7	0.16661719898667898	0	0.1484027413654513	6	0.11286961912076127	11	0.1065990681364042	3	0.09913412648836008	8	0.07644070387830593	1	0.0570318555933912	4	0.015228182364344096	9	0.012839401036969976	5	0.006568850052612909	2	0.002985678061551729	
12	file:/Users/dingyi/mallet-2.0.7/speeches_stem/18610304_AL_Inaug1.txt	0	0.26385502240426495	11	0.20678287328218348	4	0.09980705753644623	3	0.09015717725010396	6	0.07747447744519696	7	0.07526879052260445	1	0.0683760188895028	10	0.03832353456917972	5	0.03777211283853159	9	0.02095375005376362	8	0.013509556690013864	2	0.007719628518208497	
13	file:/Users/dingyi/mallet-2.0.7/speeches_stem/18611203_AL_sotu101.txt	0	0.19052437878636885	3	0.1643146560737144	7	0.12730422345199904	8	0.10800695508114357	11	0.0900057718993754	10	0.08554147847029689	1	0.08352534595393886	6	0.052707320346751754	4	0.047955007986764955	5	0.0293777869431802	9	0.020449200085023187	2	2.878749214428366E-4	
14	file:/Users/dingyi/mallet-2.0.7/speeches_stem/18641206_AL_sotu104.txt	8	0.1640640069964105	0	0.1549683987679398	7	0.14518632954109395	3	0.13368810781831025	10	0.11669819810852536	1	0.07568215345561034	6	0.06469877748160799	11	0.06040839624176333	4	0.04032941203929028	5	0.025398885324630836	9	0.01904912108966073	
15	file:/Users/dingyi/mallet-2.0.7/speeches_stem/18650304_AL_Inaug2.txt	9	0.14306461961768122	0	0.13439394902801782	11	0.1156074960837471	7	0.1011563784343081	6	0.0982661549044203	4	0.0895954843147569	1	0.0823699254900374	5	0.07658947843026179	3	0.07225414313543009	10	0.041906796071608174	2	0.028900790187113067	8	0.015894784302617964	
16	file:/Users/dingyi/mallet-2.0.7/speeches_stem/18850304_GC_Inaug1.txt	6	0.25928432228672693	11	0.1939829243246427	1	0.10179271543699439	0	0.09859166651728438	4	0.08834830997421235	8	0.08130600235085032	9	0.06273991861653226	3	0.0428934153143302	7	0.03969236639462019	10	0.017285023956650113	5	0.010882926117230093	2	0.003200408709926069	
17	file:/Users/dingyi/mallet-2.0.7/speeches_stem/18851208_GC_sotu101.txt	8	0.2121644398887957	0	0.16731087305382814	7	0.1355777373338511	6	0.12418635528052599	3	0.1162022169663651	1	0.07012814491139843	10	0.055787208576408814	11	0.04902357548224704	4	0.030410870877260503	9	0.020087430891434638	5	0.01469686616977187	2	0.0044242805681126325	
18	file:/Users/dingyi/mallet-2.0.7/speeches_stem/18881203_GC_sotu104.txt	8	0.2227159127357703	7	0.14597539646969118	0	0.13984840914305813	3	0.1213142724799931	6	0.10339283454959139	1	0.08999004977258156	10	0.0546066979612756	11	0.053611062520697736	4	0.03331541700122571	5	0.016466201852984776	9	0.015700328437155645	2	0.0030634170759749496	
19	file:/Users/dingyi/mallet-2.0.7/speeches_stem/18930304_GC_Inaug2.txt	11	0.19882803088292678	6	0.19776192598246897	1	0.10341164229195496	0	0.09488280308829267	4	0.08635396388463039	8	0.07729207223073921	7	0.05703607912204129	3	0.0559699742215835	9	0.04690808256769233	5	0.040511453164945616	10	0.03784619091380115	2	0.0031977816489231277	
20	file:/Users/dingyi/mallet-2.0.7/speeches_stem/18931204_GC_201.txt	8	0.2797482894414545	7	0.15006635737456817	0	0.14617175621984377	3	0.09313888943210749	6	0.08534968712265872	1	0.0796320811721059	10	0.06836259697971195	11	0.040023158790015376	4	0.01939005905541172	5	0.01748419040522745	9	0.01466681935712896	2	0.005966114649765976	
21	file:/Users/dingyi/mallet-2.0.7/speeches_stem/18961207_GC_sotu204.txt	8	0.2313341052775656	7	0.1640118628739662	0	0.15188468191518734	3	0.10180270217190601	1	0.08764339899841285	6	0.0806292997411732	10	0.06043918225304406	4	0.044313309194343516	11	0.033693831814223654	5	0.0200589472767858	9	0.019468976311223584	2	0.004719702172168211	
22	file:/Users/dingyi/mallet-2.0.7/speeches_stem/19130304_WW_Inaug1.txt	4	0.2568935355403675	5	0.188597282686336	11	0.1597750108396805	1	0.09649132700245866	3	0.06265648613899352	9	0.056390774867981455	6	0.0507516347240706	7	0.043232781198856124	0	0.0400999255633501	2	0.017543364987706672	8	0.015037080479301848	10	0.012530795970897023	
23	file:/Users/dingyi/mallet-2.0.7/speeches_stem/19131202_WW_sotu101.txt	11	0.16920074054304238	3	0.15202725910110057	4	0.11768029621721696	1	0.09712842498341775	7	0.09234237277828643	0	0.08980858043439337	6	0.07347969644041591	5	0.07347969644041591	8	0.05405395513723583	9	0.03772507114325837	10	0.036880473695294014	2	0.0061934330859225875	
24	file:/Users/dingyi/mallet-2.0.7/speeches_stem/19161205_WW_sotu104.txt	3	0.28355501070894545	7	0.14319504647474374	0	0.1327980120870251	11	0.12003801533846128	4	0.08317580250927699	8	0.06001877137299456	6	0.052457291818290085	1	0.04347803484707853	10	0.037334332708881146	5	0.030718038098514738	9	0.0070884144900632716	2	0.0061432295457252125	
25	file:/Users/dingyi/mallet-2.0.7/speeches_stem/19170305_WW_Inaug2.txt	4	0.2315283450669534	11	0.19634155953463367	5	0.16537718826619224	9	0.0964110886228455	3	0.07600275301410005	7	0.06333551022246493	10	0.05418694598406179	1	0.04855706029889063	0	0.03096366753273075	6	0.02603751755820598	2	0.006332917660106911	8	0.004925446238814121	
26	file:/Users/dingyi/mallet-2.0.7/speeches_stem/19171204_WW_sotu201.txt	4	0.22502591751045112	11	0.13022440435597663	3	0.11442415216356422	5	0.10907245384032777	9	0.10295622718520037	7	0.08027522000576966	1	0.06906213780470277	0	0.06422012503606025	10	0.049948929507429685	6	0.04204880341122348	8	0.008664399585319834	2	0.004077229593974294	
27	file:/Users/dingyi/mallet-2.0.7/speeches_stem/19201207_WW_sotu204.txt	8	0.16227291023948123	3	0.1611589060181479	11	0.12031208456925914	4	0.10137401280659254	7	0.07723725467770373	0	0.07686591993725929	1	0.07315257253281486	10	0.07092456409014819	5	0.05272916180837048	9	0.041217784854592744	6	0.03898977641192609	2	0.023765052053703918	
28	file:/Users/dingyi/mallet-2.0.7/speeches_stem/19330304_FDR_Inaug1.txt	5	0.15063467632987101	11	0.1464063197018163	6	0.14059232933824106	4	0.12526453656154266	3	0.07875261365294071	9	0.0734671678678723	1	0.06765317750429706	10	0.06342482087624234	0	0.06131064256221498	8	0.03858322568642084	7	0.0354119582153798	2	0.01849853170316091	
29	file:/Users/dingyi/mallet-2.0.7/speeches_stem/19360103_FDR_sotu104.txt	5	0.1683274829391178	4	0.1664921336931317	11	0.14682767748613787	6	0.11038288531584264	10	0.0723649366489879	3	0.07079178015242839	9	0.06476134691561694	1	0.060304070175365	0	0.04798101095231553	8	0.04273715596378384	7	0.031725060487867295	2	0.01730445926940515	
30	file:/Users/dingyi/mallet-2.0.7/speeches_stem/19370106_FDR_sotu201.txt	5	0.16471485233463692	4	0.13689628212129776	3	0.11237201627532772	11	0.09516842680128904	6	0.08784775042935768	1	0.08199120933181259	0	0.07540260059707436	9	0.0658857213135636	10	0.06149331549040479	8	0.056368842030052844	7	0.04758403038373522	2	0.014274952891447548	
31	file:/Users/dingyi/mallet-2.0.7/speeches_stem/19370120_FDR_Inaug2.txt	5	0.23799108552900405	4	0.1921597492639377	11	0.1374934566104248	6	0.12865850022197828	9	0.09276648989391426	1	0.08448371827974564	3	0.03975675156323509	10	0.03257834949762229	2	0.018773730140674592	8	0.015460621495007144	7	0.012147512849339697	0	0.0077300346551164335	
32	file:/Users/dingyi/mallet-2.0.7/speeches_stem/19400103_FDR_sotu204.txt	5	0.2183805671547682	4	0.19439293854058023	3	0.10404992168195022	9	0.09750784115080806	11	0.0760124336913409	1	0.07133951902623935	6	0.06822424258283832	10	0.06573202142811749	0	0.043613558679970146	8	0.02336426179786342	7	0.019937457710122283	2	0.017445236555401453	
33	file:/Users/dingyi/mallet-2.0.7/speeches_stem/19410106_FDR_sotu301.txt	5	0.1794103410367527	9	0.14720071234453588	4	0.13395563138698877	6	0.10264907639642287	3	0.09211321654382859	1	0.08097530755680034	10	0.06953637400255509	11	0.0635158826582155	0	0.05689334217944195	8	0.02679088545774398	2	0.0249847380544421	7	0.021974492382272302	
34	file:/Users/dingyi/mallet-2.0.7/speeches_stem/19410120_FDR_Inaug3.txt	5	0.24480855912663912	4	0.17655869340083144	11	0.12314575500672112	9	0.1172109840740422	1	0.08902082214381729	6	0.06750727751285619	3	0.04673557924847996	10	0.04005896194921617	7	0.03412419101653724	2	0.02151280278459452	0	0.020770956418009655	8	0.018545417318255056	
35	file:/Users/dingyi/mallet-2.0.7/speeches_stem/19440111_FDR_sotu304.txt	9	0.19664869331875356	4	0.1508250353234941	5	0.1293533784342868	1	0.12830598053725228	3	0.1057869257510105	11	0.07750718253107892	6	0.0476563424655956	0	0.04294305192894034	8	0.03927715928931958	10	0.033778320329888444	7	0.024089889782319296	2	0.02382804030806067	
36	file:/Users/dingyi/mallet-2.0.7/speeches_stem/19450106_FDR_sotu401.txt	9	0.23555252702149773	10	0.14094131812921454	5	0.11936118414218602	3	0.11119243285896055	4	0.08656425734834043	1	0.0752255428805797	6	0.04998775906524126	11	0.04486704930560738	8	0.03682021968332556	7	0.03596676805671991	2	0.03182143158463534	0	0.03169950992369168	
37	file:/Users/dingyi/mallet-2.0.7/speeches_stem/19450120_FDR_Inaug4.txt	5	0.29015051424483745	9	0.187958495441506	4	0.17153477813382773	11	0.16423534821930405	6	0.05839361445871077	1	0.05291904202281801	10	0.02737103732198515	3	0.018246749928830557	0	0.01642189245019964	8	0.005472747578414126	7	0.003647890099783207	2	0.003647890099783207	
38	file:/Users/dingyi/mallet-2.0.7/speeches_stem/19690120_RN_Inaug1.txt	5	0.42527303313361514	9	0.2032067130978582	11	0.0990099896840529	4	0.09335224904619922	1	0.07590754874615038	6	0.03724632105415024	0	0.03253153718927217	10	0.01885866398112578	2	0.005185790772979385	7	0.0037713556135159656	3	0.003299877227028159	8	0.0023569204540525458	
39	file:/Users/dingyi/mallet-2.0.7/speeches_stem/19690120_RN_sotu101.txt	5	0.4172579005633224	9	0.2027352347113704	11	0.11504025482463834	4	0.09523816259215045	1	0.06930685133532109	6	0.03111710202980875	10	0.026873796551418493	0	0.02310196945951604	2	0.010372053024345258	3	0.005185790772979385	7	0.0023569204540525458	8	0.0014139636810769323	
40	file:/Users/dingyi/mallet-2.0.7/speeches_stem/19720120_RN_sotu104.txt	5	0.25635272358054917	9	0.1411322499589936	1	0.11647808748101882	2	0.08880504796492468	4	0.08679246327284511	3	0.08654089018633516	11	0.06440245857345984	6	0.03849043066293534	8	0.037735711403405495	0	0.037735711403405495	10	0.027924361029517574	7	0.017609864482609757	
41	file:/Users/dingyi/mallet-2.0.7/speeches_stem/19730120_RN_Inaug2.txt	5	0.39501592254352935	9	0.1833801665163425	1	0.12742411583899727	11	0.10304722247460925	4	0.08808867427373478	10	0.02659242055902865	3	0.02271427843287601	2	0.021052217521667735	6	0.01551201448430682	0	0.012741912965626363	8	0.003323567802112812	7	0.0011074865871684467	
42	file:/Users/dingyi/mallet-2.0.7/speeches_stem/20090120_BO_Inaug1.txt	5	0.21903642079677874	1	0.14463870975250087	4	0.12676663391504864	6	0.12385722622057967	9	0.1034913723592969	11	0.08852870421631363	2	0.08561929652184466	10	0.05236892287077076	0	0.018287289878420012	3	0.01704040086650474	7	0.016209141525227892	8	0.0041558810767136	
43	file:/Users/dingyi/mallet-2.0.7/speeches_stem/20100127_BO_sotu102.txt	2	0.3458903740998909	5	0.1969596883514409	1	0.16642015297212912	9	0.07090002028793804	4	0.060271723834344954	11	0.03430639199202259	0	0.028655905269859172	3	0.027041480492098195	6	0.024619843325456733	8	0.02287088314954901	10	0.014664223862597383	7	0.007399312362672992	
44	file:/Users/dingyi/mallet-2.0.7/speeches_stem/20120124_BO_sotu104.txt	2	0.3738979447044289	1	0.180264768905351	5	0.16717213424277988	9	0.08337927240232482	4	0.04465263724250922	10	0.03362726068455461	11	0.031146550959014814	6	0.021361529263830094	0	0.02108589484988123	8	0.018743002331315872	3	0.018329550710392575	7	0.00633945370361693	
45	file:/Users/dingyi/mallet-2.0.7/speeches_stem/20130121_BO_Inaug2.txt	5	0.27609217889285903	1	0.15939322235230943	9	0.11432655214356059	4	0.11432655214356059	2	0.08254268999633775	6	0.07922198798095625	11	0.06878549593261442	10	0.05455391586669374	0	0.02419321172606296	3	0.021346895712878823	8	0.005692157640366075	
46	file:/Users/dingyi/mallet-2.0.7/speeches_stem/20130212_BO_sotu201.txt	2	0.33879119136784375	1	0.19244597290703358	5	0.19230235640216528	9	0.09306335153816149	4	0.0347550505616267	11	0.03303165250320696	6	0.02843592434742096	0	0.028005074832816026	10	0.01996255056019054	3	0.01996255056019054	8	0.011489176772960113	7	0.007755147646383995	
