#doc name topic proportion ...
0	file:/Users/dingyi/mallet-2.0.7/speeches_stem/17890430_GW_Inaug1.txt	7	0.23060838486188845	13	0.17136935254558586	8	0.11142509365408919	15	0.10296237475176025	0	0.1015519216013721	2	0.06770104599205633	5	0.044428569010651744	10	0.03808152983390504	12	0.03385017038274057	1	0.032439717232352415	9	0.02538745148041163	14	0.016219506002888608	3	0.014809052852500452	11	0.005641107374977433	6	0.004230654224589276	
1	file:/Users/dingyi/mallet-2.0.7/speeches_stem/17900108_GW_sotu101.txt	15	0.17800731418175855	7	0.16495958933218016	13	0.13979611997942187	2	0.12954433616903888	12	0.08667324023470993	0	0.08387729919551457	8	0.05964581018915474	5	0.04287016395398254	1	0.0354143211827949	3	0.02329857667961498	14	0.020502635640419615	9	0.010250851830036609	11	0.009318871483638155	10	0.009318871483638155	4	0.006522930444442789	
2	file:/Users/dingyi/mallet-2.0.7/speeches_stem/17921106_GW_sotu104.txt	2	0.1861147434117139	15	0.15670275180522128	0	0.11861181185582917	7	0.10945069971610195	8	0.097878768592236	13	0.09209280303030302	5	0.05448402687773869	12	0.03905478537925076	1	0.03712613019193976	14	0.03230449222366228	10	0.027965018052212555	3	0.014946595537863358	6	0.013982267944207863	9	0.013017940350552367	11	0.005785483398136148	4	4.816816330309203E-4	
3	file:/Users/dingyi/mallet-2.0.7/speeches_stem/17930304_GW_Inaug2.txt	7	0.31095777583540646	1	0.1428679486317488	8	0.12605896591138305	0	0.11765447455120016	5	0.08403650911046863	15	0.07563201775028575	2	0.05882303502991999	13	0.042014052309554226	12	0.025205069589188462	10	0.025205069589188462	9	0.016800578229005582	
4	file:/Users/dingyi/mallet-2.0.7/speeches_stem/17931203_GW_sotu201.txt	2	0.14483888927695351	15	0.1345665911995168	0	0.12378067821820826	8	0.11915814408336176	7	0.11761729937174625	13	0.09245016908202636	5	0.05649712581099793	12	0.04673844263743308	10	0.041088678694842895	14	0.03954783398322739	1	0.02465300177094419	3	0.019516852732225844	11	0.01900323782835401	9	0.015921548405123002	6	0.004108405616070805	4	5.131012889679628E-4	
5	file:/Users/dingyi/mallet-2.0.7/speeches_stem/17961207_GW_sotu204.txt	15	0.16240867992260372	2	0.16170864100043963	8	0.10570552722731386	13	0.10430544938298571	0	0.09520494339485276	7	0.0917047487840324	5	0.05390264698717249	10	0.0472522772266138	14	0.044102102076875475	12	0.043752082615793435	1	0.02625110956169163	3	0.022750914950871268	11	0.02170085656762516	9	0.010850253274082039	6	0.008050097585425749	4	3.4966944162095415E-4	
6	file:/Users/dingyi/mallet-2.0.7/speeches_stem/18090304_JM_Inaug1.txt	13	0.15504003500478905	0	0.13436791549237545	8	0.1283385473012548	7	0.118002487545048	15	0.10077572128470333	2	0.08613296996341036	10	0.06546085045099674	5	0.05598612900780717	3	0.053402114068755474	1	0.0361753478084108	9	0.03272999455634187	12	0.02928464130427293	14	0.0017218152877214502	11	0.0017218152877214502	6	8.604769747042165E-4	
7	file:/Users/dingyi/mallet-2.0.7/speeches_stem/18091129_JM_sotu101.txt	8	0.17750928343359149	15	0.1686889189761321	2	0.13781764337502425	13	0.10749764055250763	0	0.09812600331645704	7	0.0865492749660416	14	0.05843436325788982	5	0.03528090655705894	10	0.03362708822128531	12	0.03252454266410288	1	0.029768178771146826	3	0.021499087092278654	6	0.008819813184680792	11	0.002755812620177466	4	0.0011019942844038317	
8	file:/Users/dingyi/mallet-2.0.7/speeches_stem/18121104_JM_sotu104.txt	8	0.21696145818116092	15	0.17982106998982356	13	0.12287247476310624	0	0.12008694564875592	2	0.09006513186075822	5	0.04425865309144211	7	0.038068588392885884	14	0.0359020657483912	11	0.03373554310389652	1	0.030950013989546218	10	0.030331007519690596	3	0.027854981640268103	12	0.014236839303444401	9	0.011760813424021908	4	0.0018567099063319411	6	0.0012377034364763181	
9	file:/Users/dingyi/mallet-2.0.7/speeches_stem/18130304_JM_Inaug2.txt	8	0.23933291157036415	13	0.1581602766229506	0	0.10460307418342003	15	0.07447714781118409	10	0.07112982265871343	3	0.05941418462506611	11	0.054393196896360116	7	0.04184072757459514	5	0.04184072757459514	2	0.038493402422124484	1	0.033472414693418495	12	0.030961920829065497	9	0.020083114083535848	14	0.018409451507300518	6	0.01422529506671219	
10	file:/Users/dingyi/mallet-2.0.7/speeches_stem/18131207_JM_sotu201.txt	8	0.26535120198063306	15	0.1601362425732432	13	0.12496174001476096	2	0.09780949242575712	0	0.07867949980623169	3	0.04288790071163572	10	0.04257935244357886	5	0.040419514567180834	11	0.03208871132964557	1	0.025917745968508328	14	0.025300649432394604	7	0.024066456360167156	9	0.015427104854575031	12	0.012958718710120137	6	0.01172452563789269	
11	file:/Users/dingyi/mallet-2.0.7/speeches_stem/18161203_JM_sotu204.txt	15	0.24544183170980788	2	0.1330347170569426	0	0.10612875876237376	8	0.10044861201129812	13	0.09058309396995622	7	0.06816146205781552	12	0.05620325837134049	14	0.04693565051432234	5	0.04334818940837983	10	0.03707013247298044	3	0.023916108417857903	1	0.023318198233534152	6	0.010164174178411617	11	0.009865219086249741	9	0.005679847795983478	
12	file:/Users/dingyi/mallet-2.0.7/speeches_stem/18610304_AL_Inaug1.txt	7	0.2426174115038874	0	0.14932414827114887	10	0.09053283150022193	1	0.08694462906819352	13	0.07894017748905323	15	0.06569143004771757	5	0.06044713418552221	12	0.05851502518366076	9	0.03974596630843526	3	0.029533390155739025	2	0.02787729672557207	11	0.02373706315015468	14	0.02208096971998772	8	0.012420424710680479	6	0.009384253422041059	4	0.0022078485579842475	
13	file:/Users/dingyi/mallet-2.0.7/speeches_stem/18611203_AL_sotu101.txt	2	0.15936621755900302	7	0.12146987658761173	15	0.1191643957680594	14	0.10677243636296567	0	0.09221908868954165	1	0.07636890805511944	12	0.05864552425481096	13	0.0510086190400439	5	0.04423626913260895	8	0.04178669576183461	10	0.03962530749350431	3	0.029394736356740878	11	0.026224700229856436	9	0.02031690562975361	6	0.012247722761320487	4	0.001152596317224939	
14	file:/Users/dingyi/mallet-2.0.7/speeches_stem/18641206_AL_sotu104.txt	2	0.156277090921081	15	0.1555901578984246	14	0.1366994997753729	0	0.08758378865543852	7	0.06989526332203558	12	0.06646059820875345	1	0.06439979914078417	13	0.052721937755624955	8	0.041387542881793936	10	0.039670210325152874	5	0.03881154404683234	11	0.035892078700542535	3	0.02575981661636027	9	0.022840351270070464	6	0.006182225470652161	
15	file:/Users/dingyi/mallet-2.0.7/speeches_stem/18650304_AL_Inaug2.txt	13	0.13808315309658362	7	0.12500145352217493	2	0.09011692132375171	9	0.07994226609921161	1	0.0726746552245401	0	0.0712211330496058	3	0.06976761087467151	15	0.06831408869973721	12	0.06831408869973721	11	0.053778866950394195	10	0.052325344775459894	6	0.040697167375985485	14	0.026161945626642476	8	0.021801379101839578	5	0.014533768227168073	4	0.00726615735249657	
16	file:/Users/dingyi/mallet-2.0.7/speeches_stem/18850304_GC_Inaug1.txt	12	0.1944814580894284	5	0.13607264259453242	7	0.12901223632591863	1	0.09242649475219258	3	0.07509640663832234	13	0.07252898617700823	2	0.06418486967773739	15	0.05776631852445211	9	0.05134776737116684	10	0.029524693449996923	14	0.026957272988682814	6	0.021822432066054595	0	0.019896866720069014	8	0.016687591143426377	11	0.007701619528826998	4	0.004492343952184362	
17	file:/Users/dingyi/mallet-2.0.7/speeches_stem/18851208_GC_sotu101.txt	12	0.16754840695699447	15	0.15050871862357568	2	0.1342828661508575	5	0.10610379947409926	14	0.1059003405089241	1	0.06424211738931222	0	0.06180060980721042	7	0.04175990173745818	13	0.03662256286678565	10	0.028636798483661026	11	0.028280745294604514	3	0.024516754438864245	8	0.021566599443824573	6	0.01754828488161537	9	0.009511655757196954	4	0.0011698381850158168	
18	file:/Users/dingyi/mallet-2.0.7/speeches_stem/18881203_GC_sotu104.txt	12	0.15460058788090142	15	0.15444736621143487	2	0.14670967190337472	14	0.13108106161778793	5	0.07323988139417009	1	0.06251436453151249	0	0.056921773595983875	7	0.047728473427991636	13	0.037539232408466905	11	0.03447479901913616	3	0.03141036562980542	6	0.018233302055683204	10	0.018156691220949938	8	0.017007528699950907	9	0.014402760319019773	4	0.0015321400838306397	
19	file:/Users/dingyi/mallet-2.0.7/speeches_stem/18930304_GC_Inaug2.txt	12	0.16827013478747685	5	0.11378248959392816	7	0.11164571919418115	3	0.09348317079633159	13	0.08760705219702733	1	0.06410257779981025	0	0.06196580740006325	2	0.05128195540132822	9	0.04380325900221369	10	0.04166648860246669	15	0.04113229600252993	14	0.0283116736040479	6	0.026709095804237644	8	0.022435555004743632	11	0.02190136240480688	4	0.02190136240480688	
20	file:/Users/dingyi/mallet-2.0.7/speeches_stem/18931204_GC_201.txt	14	0.18509631644073796	15	0.16205251930042347	2	0.13602463332179485	12	0.11961214471106725	5	0.09565654264793455	1	0.06656167647437199	0	0.0597645852315454	8	0.03406826467939613	3	0.03249332890361924	13	0.0287632178557266	7	0.028680326499106765	10	0.01574927486641229	6	0.014174339090635398	11	0.012848077384718016	9	0.0054707466455525796	4	0.0029840059469574895	
21	file:/Users/dingyi/mallet-2.0.7/speeches_stem/18961207_GC_sotu204.txt	14	0.16235011458932747	2	0.14956405435872203	15	0.1318602786548068	12	0.11454992018875634	5	0.09278083302690501	1	0.07337224929224238	0	0.07022491138932413	7	0.03901381051871801	3	0.03547305537793496	13	0.03219457839572843	10	0.024916359495229946	11	0.023211551464482554	8	0.018818392308325813	6	0.017572571055087333	9	0.010687769392453627	4	0.003409550491955142	
22	file:/Users/dingyi/mallet-2.0.7/speeches_stem/19130304_WW_Inaug1.txt	9	0.18844347681886253	10	0.14196059759394566	0	0.12500062814701657	3	0.10804065870008744	13	0.07537701383933507	1	0.0634422205248294	12	0.06281407350827646	7	0.05464816229308837	6	0.0364318988130534	4	0.03391931074684168	15	0.026381546548206517	11	0.024497105498547726	2	0.020100076382677214	5	0.01758748831646549	14	0.01130601815093619	8	0.01004972411783033	
23	file:/Users/dingyi/mallet-2.0.7/speeches_stem/19131202_WW_sotu101.txt	12	0.16741873695033574	0	0.15022587475028074	7	0.12232270495019144	13	0.06933486735002187	10	0.06905301715002098	2	0.053833106349972265	11	0.05270570554996866	1	0.051578304749965054	9	0.05016905374996054	15	0.0439683493499407	5	0.037485794749919955	4	0.03635839394991635	3	0.03410359234990913	6	0.029875839349895603	14	0.023956985149876663	8	0.007609673549824351	
24	file:/Users/dingyi/mallet-2.0.7/speeches_stem/19161205_WW_sotu104.txt	0	0.19412978507412937	12	0.1898683891544633	7	0.10653442450321593	2	0.10464047076114213	1	0.07433721088796127	13	0.06202651156448155	10	0.052556742854112534	15	0.04687488162789112	5	0.03361720543337449	9	0.03219674012681914	11	0.03077627482026379	14	0.027461855771634635	8	0.01988604080333942	6	0.014204179577118009	4	0.007101853044341246	3	0.003787433995712089	
25	file:/Users/dingyi/mallet-2.0.7/speeches_stem/19170305_WW_Inaug2.txt	9	0.203953608509341	10	0.1482013911236824	0	0.1256182144611372	3	0.08609765530168301	12	0.08256903394816031	7	0.08256903394816031	13	0.0748060669704104	8	0.05434006311997877	1	0.040225577705888	6	0.039519853435183466	11	0.02258247093827453	2	0.016936676772638222	15	0.0077622612534792215	5	0.0077622612534792215	14	0.005645088441365605	4	0.001410742817138373	
26	file:/Users/dingyi/mallet-2.0.7/speeches_stem/19171204_WW_sotu201.txt	9	0.1543371095392226	0	0.14081664619039264	11	0.11352061641067923	10	0.10790834860550452	7	0.08673479279507264	12	0.08571438046685906	13	0.07295922636418925	1	0.060714278425626225	3	0.047704021240903026	2	0.04693871199474284	8	0.02882639316895171	15	0.019642682215029447	6	0.019642682215029447	5	0.006887528112359642	14	0.005356909620039266	4	0.002295672635398512	
27	file:/Users/dingyi/mallet-2.0.7/speeches_stem/19201207_WW_sotu204.txt	12	0.1431763818602119	0	0.13090408868182185	15	0.10078118724395535	2	0.08255869131240647	7	0.07809603924753736	14	0.06768318442950944	13	0.056898441939409086	9	0.056898441939409086	1	0.05094823918625027	10	0.045369924105163884	8	0.043882373416874176	11	0.0427667104006569	5	0.030866304894339273	4	0.02491610214118046	6	0.02305666378081833	3	0.021197225420456205	
28	file:/Users/dingyi/mallet-2.0.7/speeches_stem/19330304_FDR_Inaug1.txt	9	0.17584841820693398	7	0.10434357494555038	10	0.09851725438351172	1	0.08580528224815465	3	0.084216285731235	13	0.0699153170789583	12	0.06779665505639879	5	0.06726698955075891	8	0.0577330104492411	2	0.0503176933702828	0	0.03654639022364596	11	0.0354870592123662	6	0.03495739370672633	15	0.017478432020610345	14	0.007944452919092536	4	0.005825790896533022	
29	file:/Users/dingyi/mallet-2.0.7/speeches_stem/19360103_FDR_sotu104.txt	9	0.1837275432127799	7	0.12099762098738473	10	0.09947522089331609	2	0.07821528909307757	12	0.0750656695671163	1	0.06640421587072282	8	0.05958004023114008	3	0.05721782558666913	5	0.05144352312240681	0	0.047506498714955235	13	0.042257132838353126	11	0.042257132838353126	6	0.03202086937897902	4	0.0162727717491727	15	0.014435493692361964	14	0.013123152223211436	
30	file:/Users/dingyi/mallet-2.0.7/speeches_stem/19370106_FDR_sotu201.txt	9	0.12939921935026014	3	0.11033752397374766	12	0.10153981841535728	2	0.08724354688297292	10	0.07514670174018616	1	0.0711144200259239	13	0.06744870937659458	0	0.0641495697921982	11	0.05535186423380782	5	0.04618758761048452	8	0.04288844802608813	6	0.03995587950662467	14	0.039222737376758805	7	0.03299102927289896	15	0.021627326259978066	4	0.015395618156118219	
31	file:/Users/dingyi/mallet-2.0.7/speeches_stem/19370120_FDR_Inaug2.txt	9	0.2291104957210468	3	0.11621519615004892	10	0.08743796292606908	1	0.0807970629513045	7	0.0774766129639222	8	0.06308799635193228	12	0.05921413803331961	11	0.05312664638978541	6	0.04316529642763854	2	0.03929143810902587	13	0.03873802977779549	5	0.037631213115334725	0	0.0354175797904132	4	0.01936873818473213	15	0.01660169652858022	14	0.0033198965790510603	
32	file:/Users/dingyi/mallet-2.0.7/speeches_stem/19400103_FDR_sotu204.txt	9	0.20680047061994072	10	0.15907721311148154	3	0.10386795442522484	2	0.07766695030293351	11	0.06581411510475411	1	0.05520894676954096	12	0.05333744647509158	0	0.05240169632786689	13	0.046475278728777186	7	0.04242036142413686	6	0.03587011039356403	8	0.02776027578428339	5	0.02495302534260932	4	0.019650441175002746	14	0.016531274017587114	15	0.012164439997205227	
33	file:/Users/dingyi/mallet-2.0.7/speeches_stem/19410106_FDR_sotu301.txt	9	0.17450325257746874	3	0.12236315786935682	10	0.11091042030341317	8	0.07203139014534127	13	0.07052445099192763	12	0.06781196051578307	11	0.058770325595301244	2	0.05696199861120488	7	0.05635922294983942	6	0.05123562982823305	0	0.05123562982823305	1	0.04400232189184758	5	0.020795458929277536	4	0.01627464146903662	15	0.014164926654257526	14	0.012055211839478431	
34	file:/Users/dingyi/mallet-2.0.7/speeches_stem/19410120_FDR_Inaug3.txt	9	0.26265119227609857	3	0.11607206633412302	10	0.09151820259764998	6	0.08333358135215896	1	0.07886924249098204	0	0.06398811295372564	7	0.05059509637019488	8	0.04538670103215515	11	0.04017830569411541	12	0.03496991035607567	13	0.03422585387921285	2	0.029017458541173113	5	0.027529345587447473	15	0.024553119679996193	4	0.011904159573328256	14	0.005207651281562876	
35	file:/Users/dingyi/mallet-2.0.7/speeches_stem/19440111_FDR_sotu304.txt	11	0.1567500676280687	9	0.12162541179727097	10	0.11533442866339676	1	0.09986909512595597	3	0.07313241680699055	13	0.06946267664556392	12	0.06474443929515825	6	0.0605504505392421	7	0.04691998708251463	8	0.0445608684073118	2	0.0445608684073118	0	0.03014403205885005	5	0.025950043302933903	15	0.019396935871814926	14	0.01651356860212258	4	0.01048470976549312	
36	file:/Users/dingyi/mallet-2.0.7/speeches_stem/19450106_FDR_sotu401.txt	11	0.17089555188202368	8	0.12271297431173323	9	0.12210306826653967	2	0.08148332565664924	1	0.07453039674144277	10	0.06623567452681049	3	0.06501586243642339	13	0.06464991880930726	12	0.06038057649295241	6	0.041717451510029785	7	0.041473489091952365	14	0.02073668355537166	4	0.018906965419791012	0	0.018663003001713592	15	0.018541021792674882	5	0.01195403650458454	
37	file:/Users/dingyi/mallet-2.0.7/speeches_stem/19450120_FDR_Inaug4.txt	9	0.34743485102503013	3	0.14522302126533132	7	0.09007434042177712	13	0.08639776169887349	10	0.060661710638548194	1	0.05330855319274096	11	0.05147026383128915	0	0.05147026383128915	5	0.034925659578222884	8	0.029410791493867466	6	0.02021934468660843	2	0.011027897879349394	15	0.009189608517897586	4	0.00551302979499397	14	0.003674740433542163	
38	file:/Users/dingyi/mallet-2.0.7/speeches_stem/19690120_RN_Inaug1.txt	9	0.41521286887383185	3	0.18989231850594998	7	0.11384072813020789	6	0.1039209554725024	1	0.07132741674004149	13	0.026452254717088085	8	0.02456277421085847	10	0.021728553451514043	15	0.008974560034464124	4	0.0061403392751196995	2	0.0051955990220048905	11	0.0042508587688900815	0	0.0037784886423326775	5	0.0023613782626604645	14	0.0014166380095456557	12	9.442678829882512E-4	
39	file:/Users/dingyi/mallet-2.0.7/speeches_stem/19690120_RN_sotu101.txt	9	0.42607738178465215	3	0.18989231850594998	6	0.11761968914266711	7	0.10344858534594499	1	0.06471423496823783	8	0.02928647547643251	10	0.017477222312497404	13	0.014170631426595573	0	0.010864040540693742	11	0.008029819781349316	5	0.0061403392751196995	2	0.0061403392751196995	4	0.0047232288954474864	15	0.00188900813610306	
40	file:/Users/dingyi/mallet-2.0.7/speeches_stem/19720120_RN_sotu104.txt	9	0.16016156197053427	6	0.13044600532261022	3	0.10526333019725087	4	0.08285074933568104	1	0.08285074933568104	12	0.07705873405684839	11	0.07403681304180526	7	0.07328133278804448	2	0.054897979946532144	10	0.04784683091143153	13	0.031729918831201534	8	0.02644155705487607	15	0.024426943044847323	14	0.012591085735928426	5	0.011835605482167645	0	0.004280802944559837	
41	file:/Users/dingyi/mallet-2.0.7/speeches_stem/19730120_RN_Inaug2.txt	9	0.29261725812111605	6	0.2104399594888128	3	0.1749038303505195	7	0.05830090661549464	10	0.05385889047320798	13	0.04997212634870715	11	0.035535573886275505	1	0.030538305726203013	12	0.024985785548344686	8	0.018322761334914693	15	0.014991249228199695	2	0.014991249228199695	4	0.010549233085913034	5	0.006662468961412206	0	0.0033309568546972105	
42	file:/Users/dingyi/mallet-2.0.7/speeches_stem/20090120_BO_Inaug1.txt	9	0.21065877208174577	3	0.16819387639551306	6	0.13280646332365245	11	0.08326408502304762	10	0.07035808731448669	4	0.05578679957901468	1	0.052456219525192506	7	0.04870931696464256	13	0.04288080187045376	0	0.035803319256081635	12	0.02914215914843729	5	0.024146289067704035	8	0.02372996656097626	15	0.013321903892781968	2	0.007077066291865391	14	0.0016648737044043592	
43	file:/Users/dingyi/mallet-2.0.7/speeches_stem/20100127_BO_sotu102.txt	4	0.2577740105511063	6	0.22075683565881957	11	0.11508962732992829	3	0.06420783784162142	1	0.058688913584953206	9	0.05491989214137492	7	0.05142008651519508	10	0.050747046971698954	12	0.03230576347990519	8	0.026517623405838537	5	0.019652620062178085	2	0.01655663816209592	14	0.012114577175021509	15	0.01036467436193159	13	0.006461045009654079	0	0.0024228077486773423	
44	file:/Users/dingyi/mallet-2.0.7/speeches_stem/20120124_BO_sotu104.txt	4	0.29895253492009904	6	0.23014377858528093	11	0.09693885149222613	1	0.06246552667518296	3	0.05143406273372914	7	0.04688358385787945	10	0.045780437463734065	9	0.04495307766812503	8	0.032956360631794	12	0.027578521960335268	5	0.026337482266921713	15	0.015306018325467899	2	0.011307112646690891	14	0.004826127581086775	13	0.003722981186941394	0	4.135420045052499E-4	
45	file:/Users/dingyi/mallet-2.0.7/speeches_stem/20130121_BO_Inaug2.txt	9	0.19344206039589656	3	0.18488686225750767	6	0.13260509585624228	11	0.09695843694628857	1	0.0769963079567145	4	0.06653995467646141	10	0.06511408832006327	7	0.04134964904676081	13	0.04039907147582871	8	0.028992140624643534	5	0.017585209773458354	15	0.015208765846128108	0	0.014733477060662059	14	0.012832321918797861	12	0.012832321918797861	
46	file:/Users/dingyi/mallet-2.0.7/speeches_stem/20130212_BO_sotu201.txt	4	0.26354407482471576	6	0.22718819298909151	11	0.12271891988830554	3	0.06078459154382306	1	0.0581980070653992	9	0.058054307927708985	12	0.05086935104319826	10	0.0423911019194756	7	0.0344876493465138	8	0.028595984701215004	2	0.01623785885985655	5	0.011639486453769688	15	0.011352088178389258	13	0.005604122670780677	14	0.004454529569258961	0	0.003879733018498102	
