#doc name topic proportion ...
0	file:/Users/dingyi/mallet-2.0.7/speeches_stem/17890430_GW_Inaug1.txt	3	0.4369567103179413	0	0.31001192968005437	6	0.1477575951223844	5	0.07300969691678517	4	0.029770874779447908	7	0.002228508107832265	2	1.7628260881089283E-4	1	8.840246674360858E-5	
1	file:/Users/dingyi/mallet-2.0.7/speeches_stem/17900108_GW_sotu101.txt	3	0.5143355747936471	0	0.3291435454597267	6	0.14773602064902033	4	0.005366605628030718	5	0.001965769471123812	2	0.0011448347097587892	7	1.9140063140519488E-4	1	1.1624865728736367E-4	
2	file:/Users/dingyi/mallet-2.0.7/speeches_stem/17921106_GW_sotu104.txt	3	0.48101438771185007	0	0.3313032529788908	6	0.13538843861462097	7	0.036355028200138584	4	0.00948251824456417	1	0.006262255330713062	2	1.211170629104723E-4	5	7.300185631185273E-5	
3	file:/Users/dingyi/mallet-2.0.7/speeches_stem/17930304_GW_Inaug2.txt	3	0.4624893240867355	6	0.22518238668799537	5	0.1355859644313311	0	0.12387086388663616	4	0.04160970088520641	2	0.008876417075861318	7	0.001484014957315253	1	9.01327988918955E-4	
4	file:/Users/dingyi/mallet-2.0.7/speeches_stem/17931203_GW_sotu201.txt	3	0.4673487687107436	0	0.3308337942350335	6	0.13447151183501707	7	0.03514497467146385	4	0.03192965763801221	2	1.2892804668572313E-4	5	7.770983305363162E-5	1	6.465502999039334E-5	
5	file:/Users/dingyi/mallet-2.0.7/speeches_stem/17961207_GW_sotu204.txt	3	0.5238607039917867	0	0.34296928499947965	6	0.08467780863211816	7	0.04279210072436471	4	0.005167240440919467	5	4.004607054023341E-4	2	8.817991170877671E-5	1	4.422059422011337E-5	
6	file:/Users/dingyi/mallet-2.0.7/speeches_stem/18090304_JM_Inaug1.txt	3	0.4938316223692389	0	0.2877624593971909	6	0.11477561338419898	4	0.05482968322991323	5	0.041540306158394984	7	0.006938141754450023	2	2.1457054717957566E-4	1	1.0760315943332142E-4	
7	file:/Users/dingyi/mallet-2.0.7/speeches_stem/18091129_JM_sotu101.txt	3	0.506100002844074	0	0.38910485982069054	6	0.06524645195742458	7	0.03224466916077964	4	0.006468488775664734	5	6.279231841941578E-4	2	1.3826627730305157E-4	1	6.933797986934654E-5	
8	file:/Users/dingyi/mallet-2.0.7/speeches_stem/18121104_JM_sotu104.txt	3	0.47992820175686834	0	0.43202745553574395	6	0.037442283184891866	2	0.027742590737887995	4	0.020249783656471114	7	0.002216125087383712	5	3.5442311532311475E-4	1	3.913692542988902E-5	
9	file:/Users/dingyi/mallet-2.0.7/speeches_stem/18130304_JM_Inaug2.txt	3	0.4907178491895167	0	0.3290157893537441	6	0.0589927025790816	4	0.05329820478697449	2	0.04374894610545503	5	0.022306660059781016	1	0.001747630422322347	7	1.7221750312465097E-4	
10	file:/Users/dingyi/mallet-2.0.7/speeches_stem/18131207_JM_sotu201.txt	3	0.49929555080892457	0	0.4110912597631936	2	0.045431206885345986	6	0.02844072879835381	7	0.013241242893586781	4	0.0021076568427680123	5	3.533370143410835E-4	1	3.901699348610388E-5	
11	file:/Users/dingyi/mallet-2.0.7/speeches_stem/18161203_JM_sotu204.txt	3	0.5153540803099442	0	0.3410778335282814	6	0.07804845333856968	7	0.0558939816647695	4	0.008576060283173955	2	6.693549702019915E-4	5	3.4242397620179194E-4	1	3.78119288573998E-5	
12	file:/Users/dingyi/mallet-2.0.7/speeches_stem/18610304_AL_Inaug1.txt	3	0.4834583040835922	6	0.39306087049549987	4	0.06278777418544451	0	0.05555106567305525	2	0.004733239190795518	7	3.318373153885361E-4	5	4.198079351670668E-5	1	3.4928262707370914E-5	
13	file:/Users/dingyi/mallet-2.0.7/speeches_stem/18611203_AL_sotu101.txt	3	0.5379476138781314	6	0.2101055234177715	0	0.129196265586429	7	0.092097900195187	4	0.03028869928843067	2	1.8009852917442255E-4	5	1.656115634366119E-4	1	1.828754143938112E-5	
14	file:/Users/dingyi/mallet-2.0.7/speeches_stem/18641206_AL_sotu104.txt	3	0.5304008996986143	7	0.16119205070262263	0	0.1521742343932616	6	0.11630096702623015	4	0.025811992060593543	2	0.014071893574677773	5	2.618034539831512E-5	1	2.1782198601799925E-5	
15	file:/Users/dingyi/mallet-2.0.7/speeches_stem/18650304_AL_Inaug2.txt	3	0.5185864003419098	4	0.17300373609609626	6	0.17290756161655219	2	0.09468896308089068	0	0.0387155368835392	1	0.0015871945405697776	7	2.951501350809325E-4	5	2.1545730536113943E-4	
16	file:/Users/dingyi/mallet-2.0.7/speeches_stem/18850304_GC_Inaug1.txt	3	0.5216427506573565	5	0.17854835494866733	6	0.11631591668609143	4	0.06826582673668864	0	0.05853345284212341	7	0.054554041903364485	2	0.0014262788003415016	1	7.133774253666418E-4	
17	file:/Users/dingyi/mallet-2.0.7/speeches_stem/18851208_GC_sotu101.txt	3	0.5457366758260618	7	0.21538224692149882	6	0.1138999989488454	0	0.10524695943876261	4	0.01548998015022616	2	0.00280729396581378	5	0.0013287615045972296	1	1.0808324419416095E-4	
18	file:/Users/dingyi/mallet-2.0.7/speeches_stem/18881203_GC_sotu104.txt	3	0.5550429692660465	7	0.21393145413396802	0	0.11514096150908369	6	0.09612117953899435	4	0.0165104032749891	5	0.0019237115529508395	2	0.0011666224334263237	1	1.6269829054123587E-4	
19	file:/Users/dingyi/mallet-2.0.7/speeches_stem/18930304_GC_Inaug2.txt	3	0.49799457341924336	5	0.202798346161679	6	0.09967449550127816	7	0.09196706194769667	4	0.07437086158274468	0	0.0324655034117044	1	5.951252455733252E-4	2	1.340327300803798E-4	
20	file:/Users/dingyi/mallet-2.0.7/speeches_stem/18931204_GC_201.txt	3	0.5207012900804927	7	0.28678923838155873	0	0.10230609165299935	6	0.06840904019893554	2	0.012845485539946827	4	0.008429226652398385	5	5.090930001795542E-4	1	1.053449348886867E-5	
21	file:/Users/dingyi/mallet-2.0.7/speeches_stem/18961207_GC_sotu204.txt	3	0.5458776413797963	7	0.24986213442380872	6	0.09924596388370428	0	0.07539307617291544	4	0.02284239305585749	2	0.00676043524015142	5	1.0019533781925294E-5	1	8.33630998425964E-6	
22	file:/Users/dingyi/mallet-2.0.7/speeches_stem/19130304_WW_Inaug1.txt	3	0.4846376768133497	4	0.25576892036221666	5	0.18655781229794036	6	0.07050254838814922	0	0.0021670237229863007	2	1.5728123862038276E-4	7	1.298635455816222E-4	1	7.887363115579666E-5	
23	file:/Users/dingyi/mallet-2.0.7/speeches_stem/19131202_WW_sotu101.txt	3	0.5608362213370534	6	0.20161256920890736	4	0.1212454257587357	5	0.05073943409467816	7	0.032829428532762925	0	0.03094959645933868	1	0.0017162113247778164	2	7.111328374594838E-5	
24	file:/Users/dingyi/mallet-2.0.7/speeches_stem/19161205_WW_sotu104.txt	3	0.5469488927005355	6	0.3241447381754837	0	0.04755657087190644	7	0.04179883663954622	4	0.03742645751226376	2	0.001993145482760815	5	7.17020760466379E-5	1	5.965654145684962E-5	
25	file:/Users/dingyi/mallet-2.0.7/speeches_stem/19170305_WW_Inaug2.txt	3	0.4435135166544875	4	0.2840887014589194	5	0.15574173526965257	6	0.10200339559278501	2	0.011988020968311825	0	0.002430512491668241	7	1.4565367531532838E-4	1	8.846388886007088E-5	
26	file:/Users/dingyi/mallet-2.0.7/speeches_stem/19171204_WW_sotu201.txt	3	0.5345490044162716	4	0.16814660607014653	6	0.1605194327911269	2	0.0685530161129004	5	0.051278447221709184	0	0.01661435900215499	7	3.068375300857428E-4	1	3.229685560458189E-5	
27	file:/Users/dingyi/mallet-2.0.7/speeches_stem/19201207_WW_sotu204.txt	3	0.5869341550613404	6	0.1588963585203908	7	0.09191649890597883	4	0.068557701961306	0	0.057352697845628374	2	0.023330062728608818	5	0.012965564307194971	1	4.696066955173136E-5	
28	file:/Users/dingyi/mallet-2.0.7/speeches_stem/19330304_FDR_Inaug1.txt	3	0.5671118697430182	4	0.27267362439246673	6	0.06900078811621004	5	0.0534759502840591	2	0.01426710312176726	1	0.01367735634908357	0	0.007589612624057092	7	0.0022036953693380266	
29	file:/Users/dingyi/mallet-2.0.7/speeches_stem/19360103_FDR_sotu104.txt	3	0.5501534708004355	4	0.22881473822719	6	0.10693674265467003	2	0.037381036135103546	0	0.027007069154536087	1	0.02247428319395032	5	0.021437221387667807	7	0.005795438446446574	
30	file:/Users/dingyi/mallet-2.0.7/speeches_stem/19370106_FDR_sotu201.txt	3	0.5906100125000449	4	0.20684502347364844	6	0.09810323812107224	2	0.04117932309074394	7	0.03061877716408476	5	0.02223535415097597	0	0.005998754757959666	1	0.004409516741470069	
31	file:/Users/dingyi/mallet-2.0.7/speeches_stem/19370120_FDR_Inaug2.txt	3	0.5195167311510239	4	0.35854794720369676	6	0.04745605903639982	5	0.029603772313051436	1	0.024123030403636458	2	0.0187255344928536	0	0.0019123252086409282	7	1.1460019069703385E-4	
32	file:/Users/dingyi/mallet-2.0.7/speeches_stem/19400103_FDR_sotu204.txt	3	0.5310387522166149	4	0.27720118964042384	6	0.08419688248195498	2	0.07101466748017139	1	0.019554589750216258	0	0.011305820810928034	7	0.005640694095479253	5	4.7403524211404536E-5	
33	file:/Users/dingyi/mallet-2.0.7/speeches_stem/19410106_FDR_sotu301.txt	3	0.5126341014251815	4	0.24844699092159256	2	0.12042588091894078	6	0.10262955770297803	1	0.009318829015181534	0	0.006136688491397744	7	3.621374554881573E-4	5	4.5814069239661814E-5	
34	file:/Users/dingyi/mallet-2.0.7/speeches_stem/19410120_FDR_Inaug3.txt	3	0.5301561659251007	4	0.3468427909104011	6	0.04889952781671995	1	0.03449364143001589	2	0.02946280996601103	5	0.008895100943815142	7	8.853605088450559E-4	0	3.6460249909103874E-4	
35	file:/Users/dingyi/mallet-2.0.7/speeches_stem/19440111_FDR_sotu304.txt	3	0.5293702183773066	4	0.19672308001687125	2	0.13974912581757676	6	0.08594919963831026	1	0.04251139438542655	0	0.0032570475933086747	7	0.0024000539155444407	5	3.9880255655497746E-5	
36	file:/Users/dingyi/mallet-2.0.7/speeches_stem/19450106_FDR_sotu401.txt	3	0.53943928202576	2	0.23639807234551977	4	0.13136782559212848	6	0.04997524015351593	1	0.02227755530135872	0	0.01295556675497289	7	0.007567841513569599	5	1.86163131745529E-5	
37	file:/Users/dingyi/mallet-2.0.7/speeches_stem/19450120_FDR_Inaug4.txt	4	0.43597875161131844	3	0.4314824956139767	2	0.07108715140619945	6	0.04911077707994832	5	0.007334126426291648	0	0.004411643248094177	7	3.7020670308384395E-4	1	2.24847911087458E-4	
38	file:/Users/dingyi/mallet-2.0.7/speeches_stem/19690120_RN_Inaug1.txt	4	0.5735054028078592	3	0.4241332453792331	6	0.0017807670180810327	0	2.3285713918082582E-4	2	1.1868256178624793E-4	7	9.799349501228257E-5	5	7.153448997228883E-5	1	5.9517108874932554E-5	
39	file:/Users/dingyi/mallet-2.0.7/speeches_stem/19690120_RN_sotu101.txt	4	0.5861265827147893	3	0.411512065472303	5	0.0010064367053004418	2	5.861336694503245E-4	6	3.7841369508880305E-4	0	2.3285713918082582E-4	7	9.799349501228257E-5	1	5.9517108874932554E-5	
40	file:/Users/dingyi/mallet-2.0.7/speeches_stem/19720120_RN_sotu104.txt	3	0.5152009086917774	4	0.25915606132491054	1	0.14953375157250282	6	0.041021490720163915	2	0.017843534418428796	7	0.016329919588079788	0	8.760113831526211E-4	5	3.832230098409813E-5	
41	file:/Users/dingyi/mallet-2.0.7/speeches_stem/19730120_RN_Inaug2.txt	4	0.46503367271297946	3	0.4581525657130828	1	0.053819674688955786	0	0.011791038319830575	6	0.008671015456428826	2	0.00123618768470283	5	0.0011808681062503666	7	1.1497731776929268E-4	
42	file:/Users/dingyi/mallet-2.0.7/speeches_stem/20090120_BO_Inaug1.txt	3	0.44522091772139116	4	0.355521858802152	1	0.12091408597888842	5	0.029762895216020487	6	0.019721276923680885	2	0.017842092949358034	0	0.010930399184707706	7	8.647322380126488E-5	
43	file:/Users/dingyi/mallet-2.0.7/speeches_stem/20100127_BO_sotu102.txt	1	0.5019455419782298	3	0.33810810339666403	4	0.13110234810093482	6	0.01970264127364591	2	0.008086401976919332	0	0.0010062916962279298	7	2.813398611142898E-5	5	2.0537591266810876E-5	
44	file:/Users/dingyi/mallet-2.0.7/speeches_stem/20120124_BO_sotu104.txt	1	0.5628238017817432	3	0.31169238069907856	4	0.10446117038452281	2	0.012407293466475249	6	0.007534720639906641	0	0.0010307771561603007	7	2.8818552616599905E-5	5	2.1037319496663032E-5	
45	file:/Users/dingyi/mallet-2.0.7/speeches_stem/20130121_BO_Inaug2.txt	3	0.4088546576014003	4	0.3719570524364655	1	0.16090559742669305	2	0.028337954931110108	6	0.028128964952990672	0	0.0016452081691260025	7	9.859262904982165E-5	5	7.197185316456015E-5	
46	file:/Users/dingyi/mallet-2.0.7/speeches_stem/20130212_BO_sotu201.txt	1	0.5159708595319575	3	0.3370926434047598	4	0.1263207054126761	2	0.011925337135663665	6	0.007421227270433264	0	0.0012172789466600084	7	3.0028052694036178E-5	5	2.1920245155657063E-5	
